$ 1 0.000005 10.20027730826997 50 5 50 5e-11
a 560 480 688 480 8 15 -15 1000000 -0.00002336438426668254 0 100000
r 560 416 480 416 0 200000
R 336 416 256 416 0 1 40 5 0 0 0.5
w 384 416 480 416 0
w 560 416 560 464 0
r 560 464 480 464 0 100000
g 560 496 560 528 0 0
368 944 432 944 352 0 0
r 560 416 688 416 0 100000
w 688 416 688 480 0
403 720 288 848 352 0 7_64_0_4354_10_0.1_-1_2_7_3
403 272 288 400 352 0 2_64_0_4354_5_0.1_-1_2_2_3
174 384 496 384 592 1 1000 0.005 Resistance
R 384 592 384 624 0 0 40 -5 0 0 0.5
w 400 544 480 544 0
w 480 544 480 464 0
g 384 496 336 496 0 0
r 1008 496 1072 496 0 2700
r 1072 496 1072 576 0 680
g 1072 576 1072 608 0 0
w 720 480 688 480 0
368 1072 496 1120 304 0 0
403 1072 192 1200 256 0 21_64_0_4354_1.25_0.1_-1_2_21_3
r 944 496 1008 496 0 1000
d 1008 592 1008 496 2 1N5711
d 1008 496 1008 400 2 1N5711
R 1008 400 1008 368 0 0 40 5 0 0 0.5
g 1008 592 1008 624 0 0
s 336 416 384 416 0 0 false
t 1216 496 1248 496 0 1 -1.5112103583082397 0.3795064379381197 100 default
w 1072 496 1216 496 0
r 1248 512 1248 560 0 1000
g 1248 560 1248 592 0 0
r 1296 464 1296 512 0 56000
w 1296 512 1248 512 0
w 1296 464 1248 464 0
w 1248 464 1248 480 0
t 1296 400 1248 400 0 1 -0.06741179501613415 0.5078452941619651 100 default
a 1248 272 1376 272 9 15 -15 1000000 2.499974663635306 2.5 100000
r 1248 320 1376 320 0 1000
w 1376 320 1376 272 0
w 1248 320 1248 288 0
R 1248 256 1216 256 0 0 40 2.5 0 0 0.5
368 1376 272 1456 272 0 0
w 1248 320 1248 384 0
w 1248 416 1248 464 0
d 1344 368 1408 368 2 1N4004
c 1344 400 1344 448 0 0.000001 2.432562868619172 0.001
w 1344 368 1344 400 0
r 1344 400 1408 400 0 100000
w 1408 400 1408 368 0
R 1408 368 1456 368 0 0 40 5 0 0 0.5
g 1344 448 1344 480 0 0
w 1344 400 1296 400 0
R 432 816 240 816 0 1 40 5 0 0 0.5
403 192 704 320 768 0 54_64_0_4354_5_0.1_-1_2_54_3
a 480 832 672 832 8 15 -15 1000000 -0.000046229037022354096 0 100000
g 480 848 480 896 0 0
r 432 816 480 816 0 100000
r 480 768 672 768 0 100000
w 672 768 672 832 0
w 480 768 480 816 0
368 720 832 816 832 0 0
403 720 720 848 784 0 62_64_0_4354_5_0.1_-1_2_62_3
r 720 832 720 896 0 7500
r 672 832 720 832 0 3300
g 720 896 720 912 0 0
a 816 496 944 496 8 15 -15 1000000 -0.00002663481668881679 0 100000
r 816 432 944 432 0 100000
r 720 480 816 480 0 100000
w 816 432 816 480 0
w 944 432 944 496 0
g 816 512 816 544 0 0
r 816 432 720 432 0 100000
R 720 432 720 400 0 0 40 -5 0 0 0.5
o 29 64 2 4355 5 0.00078125 0 1
